3443.1610,06009.0036,3439.1284,06005.6532,00:07:06
3443.1628,06009.0048,3439.1248,06005.6580,00:18:38
3443.1628,06009.0048,3439.1248,06005.6580,00:18:38
3443.1622,06009.0036,3439.1176,06005.6802,01:42:33
3443.1622,06009.0036,3439.1176,06005.6802,01:45:33
3443.1622,06009.0036,3439.1164,06005.6868,01:57:05
3443.1622,06009.0036,3439.1164,06005.6868,01:57:05
3443.1622,06009.0036,3439.1098,06005.7006,02:42:09
3443.1622,06009.0018,3439.0978,06005.7144,03:36:49
3443.1622,06009.0018,3439.0978,06005.7144,03:39:49
3443.1622,06009.0018,3439.0954,06005.7198,03:57:49
3443.1622,06009.0036,3439.0912,06005.7276,04:39:49
3443.1622,06009.0036,3439.0912,06005.7276,04:42:49
3443.1610,06009.0024,3439.0834,06005.7372,05:15:30
3443.1610,06009.0024,3439.0834,06005.7372,05:18:30
3443.1616,06009.0048,3439.0678,06005.7540,06:19:30
3443.1616,06009.0048,3439.0684,06005.7540,06:20:30
3443.1616,06009.0048,3439.0684,06005.7540,06:24:30
3443.1616,06009.0048,3439.0684,06005.7540,06:24:30
3443.1616,06009.0048,3439.0684,06005.7540,06:29:30
3443.1616,06009.0048,3439.0684,06005.7540,06:29:30
3443.1586,06009.0096,3439.0570,06005.7660,07:21:10
3443.1604,06009.0030,3439.0570,06005.7660,07:42:10
3443.1604,06009.0030,3439.0528,06005.7702,08:03:10
3443.1604,06009.0030,3439.0456,06005.7762,08:21:10
3443.1604,06009.0030,3439.0456,06005.7762,08:24:10
3443.1598,06009.0048,3439.0456,06005.7762,08:35:51
3443.1598,06009.0048,3439.0456,06005.7762,08:38:51
3443.1598,06009.0048,3439.0456,06005.7762,08:42:51
3443.1598,06009.0048,3439.0456,06005.7762,08:47:51
3443.1598,06009.0048,3439.0456,06005.7762,08:47:51
3443.1598,06009.0048,3439.0456,06005.7762,08:47:51
3443.1598,06009.0048,3439.0414,06005.7792,08:52:51
3443.1598,06009.0048,3439.0414,06005.7792,08:52:51
3443.1598,06009.0048,3439.0414,06005.7792,08:57:51
3443.1598,06009.0048,3439.0414,06005.7792,08:57:51
3443.1598,06009.0048,3439.0414,06005.7792,08:57:51
3443.1622,06009.0048,3439.0366,06005.7834,09:18:51
3443.1622,06009.0048,3439.0318,06005.7846,09:21:51
3443.1622,06009.0048,3439.0318,06005.7846,09:39:51
3443.1622,06009.0036,3439.0210,06005.7876,10:00:51
3443.1622,06009.0036,3439.0210,06005.7876,10:03:51
3443.1604,06009.0024,3439.0168,06005.7936,10:35:33
3443.1604,06009.0024,3439.0168,06005.7936,10:38:33
3443.1604,06009.0006,3439.0114,06005.7966,10:55:33
3443.1604,06009.0006,3439.0114,06005.7966,10:58:33
3443.1598,06009.0042,3439.0114,06005.7966,11:07:07
3443.1598,06009.0042,3439.0114,06005.7966,11:07:07
3443.1604,06009.0048,3439.0078,06005.8014,11:15:33
3443.1604,06009.0048,3439.0078,06005.8014,11:18:33
3443.1634,06009.0054,3438.9976,06005.8050,11:59:33
3443.1652,06008.9994,3438.9742,06005.8104,13:38:27
3443.1652,06008.9994,3438.9742,06005.8104,13:41:27
3443.1652,06008.9994,3438.9742,06005.8104,13:51:04
3443.1652,06008.9994,3438.9742,06005.8104,13:51:04
3443.1634,06009.0042,3438.9616,06005.8110,14:35:14
3443.1640,06008.9976,3438.9616,06005.8110,14:38:14
3443.1640,06008.9976,3438.9616,06005.8110,14:48:46
3443.1640,06008.9976,3438.9616,06005.8110,14:48:46
3443.1640,06008.9976,3438.9562,06005.8110,14:55:14
3443.1640,06008.9976,3438.9508,06005.8110,15:15:14
3443.1640,06008.9976,3438.9508,06005.8110,15:18:14
3443.1646,06009.0036,3438.9328,06005.8140,16:25:33
3443.1622,06009.0042,3438.9226,06005.8146,17:02:13
3443.1628,06009.0060,3438.9148,06005.8128,17:45:13
3443.1628,06009.0060,3438.9148,06005.8128,17:48:13
3443.1682,06009.0036,3438.9094,06005.8110,18:06:13
3443.1682,06009.0036,3438.9094,06005.8110,18:09:13
3443.1634,06009.0054,3438.9040,06005.8104,18:29:10
3443.1634,06009.0054,3438.9040,06005.8104,18:29:10
3443.1712,06009.0030,3438.8866,06005.8038,20:03:41
3443.1664,06009.0024,3438.8764,06005.8002,20:22:24
3443.1664,06009.0024,3438.8710,06005.7978,20:40:24
3443.1664,06009.0024,3438.8638,06005.7960,20:51:57
3443.1664,06009.0024,3438.8638,06005.7960,20:51:57
3443.1664,06009.0024,3438.8638,06005.7960,20:56:57
3443.1664,06009.0024,3438.8638,06005.7960,20:56:57
3443.1664,06009.0024,3438.8638,06005.7960,21:06:58
3443.1664,06009.0024,3438.8638,06005.7960,21:06:58
3443.1664,06009.0024,3438.8638,06005.7960,21:06:58
3443.1664,06009.0024,3438.8638,06005.7960,21:06:58
3443.1664,06009.0024,3438.8638,06005.7960,21:06:58
3443.1664,06009.0024,3438.8638,06005.7960,21:06:58
3443.1664,06009.0024,3438.8638,06005.7960,21:16:59
3443.1664,06009.0024,3438.8638,06005.7960,21:16:59
3443.1664,06009.0024,3438.8638,06005.7960,21:16:59
3443.1664,06009.0024,3438.8638,06005.7960,21:16:59
3443.1664,06009.0024,3438.8638,06005.7960,21:21:59
3443.1664,06009.0024,3438.8638,06005.7960,21:21:59
3443.1664,06009.0024,3438.8638,06005.7960,21:21:59
3443.1664,06009.0024,3438.8638,06005.7960,21:21:59
3443.1670,06009.0036,3438.8590,06005.7990,21:32:00
3443.1670,06009.0036,3438.8590,06005.7990,21:32:00
3443.1670,06009.0036,3438.8590,06005.7990,21:32:00
3443.1670,06009.0036,3438.8590,06005.7990,21:32:00
3443.1670,06009.0036,3438.8590,06005.7990,21:42:01
3443.1670,06009.0036,3438.8590,06005.7990,21:42:01
3443.1646,06009.0054,3438.8542,06005.7954,21:47:01
3443.1646,06009.0054,3438.8542,06005.7954,21:47:01
3443.1646,06009.0054,3438.8542,06005.7954,21:47:01
3443.1646,06009.0054,3438.8542,06005.7954,21:47:01
3443.1646,06009.0054,3438.8542,06005.7954,21:47:01
3443.1646,06009.0054,3438.8542,06005.7954,21:47:01
3443.1646,06009.0054,3438.8542,06005.7954,21:47:24
3443.1646,06009.0054,3438.8542,06005.7954,21:52:01
3443.1646,06009.0054,3438.8542,06005.7954,21:52:01
3443.1652,06009.0060,3438.8386,06005.7804,23:05:05
3443.1676,06009.0024,3438.8332,06005.7780,23:14:31
3443.1682,06009.0018,3438.8302,06005.7726,23:36:32
3443.1682,06009.0018,3438.8302,06005.7726,23:39:32
3443.1610,06009.0036,3439.1284,06005.6532,00:07:06
3443.1628,06009.0048,3439.1248,06005.6580,00:18:38
3443.1628,06009.0048,3439.1248,06005.6580,00:18:38
3443.1622,06009.0036,3439.1176,06005.6802,01:42:33
3443.1622,06009.0036,3439.1176,06005.6802,01:45:33
3443.1622,06009.0036,3439.1164,06005.6868,01:57:05
3443.1622,06009.0036,3439.1164,06005.6868,01:57:05
3443.1622,06009.0036,3439.1098,06005.7006,02:42:09
3443.1622,06009.0018,3439.0978,06005.7144,03:36:49
3443.1622,06009.0018,3439.0978,06005.7144,03:39:49
3443.1622,06009.0018,3439.0954,06005.7198,03:57:49
3443.1622,06009.0036,3439.0912,06005.7276,04:39:49
3443.1622,06009.0036,3439.0912,06005.7276,04:42:49
3443.1610,06009.0024,3439.0834,06005.7372,05:15:30
3443.1610,06009.0024,3439.0834,06005.7372,05:18:30
3443.1616,06009.0048,3439.0678,06005.7540,06:19:30
3443.1616,06009.0048,3439.0684,06005.7540,06:20:30
3443.1616,06009.0048,3439.0684,06005.7540,06:24:30
3443.1616,06009.0048,3439.0684,06005.7540,06:24:30
3443.1616,06009.0048,3439.0684,06005.7540,06:29:30
3443.1616,06009.0048,3439.0684,06005.7540,06:29:30
3443.1586,06009.0096,3439.0570,06005.7660,07:21:10
3443.1604,06009.0030,3439.0570,06005.7660,07:42:10
3443.1604,06009.0030,3439.0528,06005.7702,08:03:10
3443.1604,06009.0030,3439.0456,06005.7762,08:21:10
3443.1604,06009.0030,3439.0456,06005.7762,08:24:10
3443.1598,06009.0048,3439.0456,06005.7762,08:35:51
3443.1598,06009.0048,3439.0456,06005.7762,08:38:51
3443.1598,06009.0048,3439.0456,06005.7762,08:42:51
3443.1598,06009.0048,3439.0456,06005.7762,08:47:51
3443.1598,06009.0048,3439.0456,06005.7762,08:47:51
3443.1598,06009.0048,3439.0456,06005.7762,08:47:51
3443.1598,06009.0048,3439.0414,06005.7792,08:52:51
3443.1598,06009.0048,3439.0414,06005.7792,08:52:51
3443.1598,06009.0048,3439.0414,06005.7792,08:57:51
3443.1598,06009.0048,3439.0414,06005.7792,08:57:51
3443.1598,06009.0048,3439.0414,06005.7792,08:57:51
3443.1622,06009.0048,3439.0366,06005.7834,09:18:51
3443.1622,06009.0048,3439.0318,06005.7846,09:21:51
3443.1622,06009.0048,3439.0318,06005.7846,09:39:51
3443.1622,06009.0036,3439.0210,06005.7876,10:00:51
3443.1622,06009.0036,3439.0210,06005.7876,10:03:51
3443.1604,06009.0024,3439.0168,06005.7936,10:35:33
3443.1604,06009.0024,3439.0168,06005.7936,10:38:33
3443.1604,06009.0006,3439.0114,06005.7966,10:55:33
3443.1604,06009.0006,3439.0114,06005.7966,10:58:33
3443.1598,06009.0042,3439.0114,06005.7966,11:07:07
3443.1598,06009.0042,3439.0114,06005.7966,11:07:07
3443.1604,06009.0048,3439.0078,06005.8014,11:15:33
3443.1604,06009.0048,3439.0078,06005.8014,11:18:33
3443.1634,06009.0054,3438.9976,06005.8050,11:59:33
3443.1652,06008.9994,3438.9742,06005.8104,13:38:27
3443.1652,06008.9994,3438.9742,06005.8104,13:41:27
3443.1652,06008.9994,3438.9742,06005.8104,13:51:04
3443.1652,06008.9994,3438.9742,06005.8104,13:51:04
3443.1634,06009.0042,3438.9616,06005.8110,14:35:14
3443.1640,06008.9976,3438.9616,06005.8110,14:38:14
3443.1640,06008.9976,3438.9616,06005.8110,14:48:46
3443.1640,06008.9976,3438.9616,06005.8110,14:48:46
3443.1640,06008.9976,3438.9562,06005.8110,14:55:14
3443.1640,06008.9976,3438.9508,06005.8110,15:15:14
3443.1640,06008.9976,3438.9508,06005.8110,15:18:14
3443.1646,06009.0036,3438.9328,06005.8140,16:25:33
3443.1622,06009.0042,3438.9226,06005.8146,17:02:13
3443.1628,06009.0060,3438.9148,06005.8128,17:45:13
3443.1628,06009.0060,3438.9148,06005.8128,17:48:13
3443.1682,06009.0036,3438.9094,06005.8110,18:06:13
3443.1682,06009.0036,3438.9094,06005.8110,18:09:13
3443.1634,06009.0054,3438.9040,06005.8104,18:29:10
3443.1634,06009.0054,3438.9040,06005.8104,18:29:10
3443.1712,06009.0030,3438.8866,06005.8038,20:03:41
3443.1664,06009.0024,3438.8764,06005.8002,20:22:24
3443.1664,06009.0024,3438.8710,06005.7978,20:40:24
3443.1664,06009.0024,3438.8638,06005.7960,20:51:57
3443.1664,06009.0024,3438.8638,06005.7960,20:51:57
3443.1664,06009.0024,3438.8638,06005.7960,20:56:57
3443.1664,06009.0024,3438.8638,06005.7960,20:56:57
3443.1664,06009.0024,3438.8638,06005.7960,21:06:58
3443.1664,06009.0024,3438.8638,06005.7960,21:06:58
3443.1664,06009.0024,3438.8638,06005.7960,21:06:58
3443.1664,06009.0024,3438.8638,06005.7960,21:06:58
3443.1664,06009.0024,3438.8638,06005.7960,21:06:58
3443.1664,06009.0024,3438.8638,06005.7960,21:06:58
3443.1664,06009.0024,3438.8638,06005.7960,21:16:59
3443.1664,06009.0024,3438.8638,06005.7960,21:16:59
3443.1664,06009.0024,3438.8638,06005.7960,21:16:59
3443.1664,06009.0024,3438.8638,06005.7960,21:16:59
3443.1664,06009.0024,3438.8638,06005.7960,21:21:59
3443.1664,06009.0024,3438.8638,06005.7960,21:21:59
3443.1664,06009.0024,3438.8638,06005.7960,21:21:59
3443.1664,06009.0024,3438.8638,06005.7960,21:21:59
3443.1670,06009.0036,3438.8590,06005.7990,21:32:00
3443.1670,06009.0036,3438.8590,06005.7990,21:32:00
3443.1670,06009.0036,3438.8590,06005.7990,21:32:00
3443.1670,06009.0036,3438.8590,06005.7990,21:32:00
3443.1670,06009.0036,3438.8590,06005.7990,21:42:01
3443.1670,06009.0036,3438.8590,06005.7990,21:42:01
3443.1646,06009.0054,3438.8542,06005.7954,21:47:01
3443.1646,06009.0054,3438.8542,06005.7954,21:47:01
3443.1646,06009.0054,3438.8542,06005.7954,21:47:01
3443.1646,06009.0054,3438.8542,06005.7954,21:47:01
3443.1646,06009.0054,3438.8542,06005.7954,21:47:01
3443.1646,06009.0054,3438.8542,06005.7954,21:47:01
3443.1646,06009.0054,3438.8542,06005.7954,21:47:24
3443.1646,06009.0054,3438.8542,06005.7954,21:52:01
3443.1646,06009.0054,3438.8542,06005.7954,21:52:01
3443.1652,06009.0060,3438.8386,06005.7804,23:05:05
3443.1676,06009.0024,3438.8332,06005.7780,23:14:31
3443.1682,06009.0018,3438.8302,06005.7726,23:36:32
3443.1682,06009.0018,3438.8302,06005.7726,23:39:32
3443.1646,06009.0030,3439.0810,06005.3862,05:43:01
3443.1646,06009.0030,3439.0810,06005.3862,05:53:02
3443.1646,06009.0030,3439.0810,06005.3862,05:53:02
3443.1646,06009.0030,3439.0810,06005.3862,05:58:02
3443.1604,06009.0066,3439.0774,06005.3874,07:02:31
3443.1604,06009.0066,3439.0774,06005.3874,07:07:31
3443.1604,06009.0030,3439.0774,06005.3874,08:27:38
3443.1604,06009.0030,3439.0774,06005.3874,08:27:38
3443.1604,06009.0030,3439.0774,06005.3874,08:32:38
3443.1604,06009.0030,3439.0774,06005.3874,08:32:38
3443.1604,06009.0030,3439.0774,06005.3874,08:37:38
3443.1622,06009.0066,3439.0816,06005.3868,18:18:49
3443.1622,06009.0066,3439.0816,06005.3868,18:18:49
3443.1622,06009.0066,3439.0816,06005.3868,18:23:49
3443.1622,06009.0066,3439.0816,06005.3868,18:23:49
3443.1670,06009.0060,3439.0828,06005.3862,21:21:34
3443.1670,06009.0060,3439.0828,06005.3862,21:21:34
3443.1658,06009.0072,3439.0828,06005.3862,21:26:35
3443.1658,06009.0072,3439.0828,06005.3862,21:31:35
3443.1658,06009.0072,3439.0828,06005.3862,21:31:35
3443.1640,06009.0060,3439.0828,06005.3862,21:39:34
3443.1682,06009.0054,3439.0828,06005.3862,21:44:34
3443.1682,06009.0054,3439.0828,06005.3862,21:44:34
3443.1658,06009.0060,3439.0828,06005.3862,21:49:34
3443.1658,06009.0060,3439.0828,06005.3862,21:49:34
3443.1658,06009.0060,3439.0828,06005.3862,21:54:35
3443.1658,06009.0060,3439.0828,06005.3862,21:59:35
3443.1658,06009.0060,3439.0828,06005.3862,21:59:35
3443.1676,06009.0012,3439.0828,06005.3862,22:04:35
3443.1610,06009.0030,3439.0780,06005.3856,10:10:43
3443.1604,06009.0054,3439.0786,06005.3844,10:29:44
3443.1604,06009.0054,3439.0780,06005.3856,10:30:44
3443.1604,06009.0054,3439.0780,06005.3856,10:31:44
3443.1622,06009.0054,3439.0780,06005.3856,10:45:44
3443.1604,06009.0060,3439.0780,06005.3856,10:48:44
3443.1610,06009.0036,3439.0780,06005.3856,10:54:44
3443.1616,06009.0054,3439.0780,06005.3856,10:56:44
3443.1616,06009.0054,3439.0780,06005.3856,10:57:44
3443.1616,06009.0054,3439.0780,06005.3856,10:59:44
3443.1616,06009.0054,3439.0780,06005.3856,11:01:44
3443.1616,06009.0054,3439.0780,06005.3856,11:02:44
3443.1616,06009.0054,3439.0732,06005.3886,11:07:44
3443.1616,06009.0054,3439.0744,06005.3880,11:08:44
3443.1622,06009.0042,3439.0816,06005.3868,00:03:35
3443.1622,06009.0042,3439.0816,06005.3868,00:04:06
3443.1622,06009.0042,3439.0816,06005.3868,00:04:06
3443.1634,06009.0048,3439.0810,06005.3850,00:28:38
3443.1634,06009.0048,3439.0810,06005.3850,00:33:38
3443.1634,06009.0048,3439.0810,06005.3850,00:33:38
3443.1634,06009.0048,3439.0810,06005.3850,00:38:38
3443.1634,06009.0048,3439.0810,06005.3850,00:38:38
3443.1634,06009.0048,3439.0810,06005.3850,00:43:38
3443.1634,06009.0048,3439.0810,06005.3850,00:43:38
3443.1634,06009.0048,3439.0810,06005.3850,00:53:06
3443.1634,06009.0048,3439.0810,06005.3850,01:03:06
3443.1634,06009.0048,3439.0810,06005.3850,01:03:06
3443.1634,06009.0048,3439.0810,06005.3850,01:08:06
3443.1634,06009.0042,3439.0834,06005.3832,02:47:14
3443.1634,06009.0042,3439.0834,06005.3832,02:47:14
3443.1652,06008.9994,3439.0834,06005.3832,02:52:14
3443.1652,06008.9994,3439.0834,06005.3832,02:52:14
3443.1652,06008.9994,3439.0834,06005.3832,02:57:14
3443.1652,06008.9994,3439.0834,06005.3832,02:57:14
3443.1598,06009.0030,3439.0834,06005.3832,03:02:14
3443.1610,06009.0048,3439.0792,06005.3850,09:24:16
3443.1610,06009.0048,3439.0792,06005.3850,09:24:16
3443.1610,06009.0048,3439.0792,06005.3850,09:29:16
3443.1610,06009.0048,3439.0792,06005.3850,09:29:16
3443.1610,06009.0048,3439.0780,06005.3856,10:33:16
3443.1610,06009.0048,3439.0780,06005.3856,10:33:16
3443.1610,06009.0048,3439.0780,06005.3856,10:38:16
3443.1610,06009.0048,3439.0780,06005.3856,10:38:16
3443.1610,06009.0048,3439.0780,06005.3856,10:43:16
3443.1622,06009.0066,3439.0810,06005.3856,13:24:57
3443.1640,06009.0024,3439.0798,06005.3862,14:51:30
3443.1640,06009.0024,3439.0798,06005.3862,14:56:30
3443.1640,06009.0024,3439.0798,06005.3862,14:56:30
3443.1640,06009.0024,3439.0798,06005.3862,15:01:30
3443.1640,06009.0024,3439.0798,06005.3862,15:01:30
3443.1688,06009.0024,3439.0822,06005.3850,19:57:59
3443.1688,06009.0024,3439.0822,06005.3850,20:02:59
3443.1688,06009.0024,3439.0822,06005.3850,20:02:59
3443.1688,06009.0024,3439.0822,06005.3850,20:07:59
3443.1688,06009.0024,3439.0822,06005.3850,20:07:59
3443.1688,06009.0024,3439.0822,06005.3850,20:12:59
3443.1610,06009.0030,3439.0780,06005.3856,10:10:43
3443.1604,06009.0054,3439.0786,06005.3844,10:29:44
3443.1604,06009.0054,3439.0780,06005.3856,10:30:44
3443.1604,06009.0054,3439.0780,06005.3856,10:31:44
3443.1622,06009.0054,3439.0780,06005.3856,10:45:44
3443.1604,06009.0060,3439.0780,06005.3856,10:48:44
3443.1610,06009.0036,3439.0780,06005.3856,10:54:44
3443.1616,06009.0054,3439.0780,06005.3856,10:56:44
3443.1616,06009.0054,3439.0780,06005.3856,10:57:44
3443.1616,06009.0054,3439.0780,06005.3856,10:59:44
3443.1616,06009.0054,3439.0780,06005.3856,11:01:44
3443.1616,06009.0054,3439.0780,06005.3856,11:02:44
3443.1616,06009.0054,3439.0732,06005.3886,11:07:44
3443.1616,06009.0054,3439.0744,06005.3880,11:08:44
3443.1292,06009.0516,3439.0780,06005.3856,09:31:04
3443.1292,06009.0516,3439.0780,06005.3856,09:31:04
3443.1292,06009.0516,3439.0780,06005.3856,09:36:04
3443.1292,06009.0516,3439.0780,06005.3856,09:36:04
3443.1292,06009.0516,3439.0780,06005.3856,09:41:04
3443.1292,06009.0516,3439.0780,06005.3856,09:46:05
3443.1292,06009.0516,3439.0780,06005.3856,09:46:05
3443.1292,06009.0516,3439.0780,06005.3856,09:51:05
3443.1292,06009.0540,3439.0822,06005.3856,19:12:13
3443.1292,06009.0540,3439.0822,06005.3856,19:12:13
3443.1292,06009.0546,3439.0822,06005.3856,19:17:13
3443.1292,06009.0546,3439.0822,06005.3856,19:17:13
3443.1298,06009.0594,3439.0822,06005.3856,19:27:14
3443.1298,06009.0594,3439.0822,06005.3856,19:27:14
3443.1298,06009.0594,3439.0822,06005.3856,19:27:14
3443.1298,06009.0594,3439.0822,06005.3856,19:27:14
3443.1280,06009.0552,3439.0822,06005.3856,19:32:14
3443.1280,06009.0552,3439.0822,06005.3856,19:32:14
3443.1280,06009.0552,3439.0810,06005.3868,19:36:44
3443.1280,06009.0552,3439.0810,06005.3868,19:37:44
3443.1304,06009.0540,3439.0810,06005.3868,19:38:44
3443.1304,06009.0540,3439.0810,06005.3868,19:39:44
3443.1304,06009.0540,3439.0810,06005.3868,19:39:44
3443.1304,06009.0540,3439.0810,06005.3868,19:39:44
3443.1304,06009.0540,3439.0810,06005.3868,19:40:44
3443.1310,06009.0558,3439.0810,06005.3868,19:41:44
3443.1310,06009.0558,3439.0810,06005.3868,19:42:44
3443.1310,06009.0558,3439.0810,06005.3868,19:43:44
3443.1310,06009.0558,3439.0810,06005.3868,19:43:44
3443.1310,06009.0558,3439.0810,06005.3868,19:44:44
3443.1310,06009.0558,3439.0810,06005.3868,19:45:44
3443.1310,06009.0558,3439.0810,06005.3868,19:46:44
3443.1310,06009.0558,3439.0810,06005.3868,19:47:44
3443.1310,06009.0558,3439.0810,06005.3868,19:48:44
3443.1310,06009.0558,3439.0810,06005.3868,19:49:44
3443.1310,06009.0558,3439.0810,06005.3868,19:50:44
3443.1310,06009.0558,3439.0810,06005.3868,19:51:44
3443.1310,06009.0558,3439.0810,06005.3868,19:52:44
3443.1310,06009.0558,3439.0810,06005.3868,19:53:44
3443.1310,06009.0558,3439.0810,06005.3868,19:54:44
3443.1310,06009.0558,3439.0810,06005.3868,19:55:44
3443.1310,06009.0558,3439.0810,06005.3868,19:56:44
3443.1310,06009.0558,3439.0810,06005.3868,19:57:44
3443.1310,06009.0558,3439.0810,06005.3868,19:58:44
3443.1310,06009.0558,3439.0810,06005.3868,19:59:44
3443.1310,06009.0558,3439.0810,06005.3868,20:00:44
3443.1310,06009.0558,3439.0810,06005.3868,20:01:44
3443.1310,06009.0558,3439.0810,06005.3868,20:02:44
3443.1310,06009.0558,3439.0810,06005.3868,20:03:44
3443.1310,06009.0558,3439.0810,06005.3868,20:04:44
3443.1310,06009.0558,3439.0810,06005.3868,20:05:44
3443.1310,06009.0558,3439.0810,06005.3868,20:06:44
3443.1310,06009.0558,3439.0810,06005.3868,20:07:44
3443.1310,06009.0558,3439.0810,06005.3868,20:07:44
3443.1310,06009.0558,3439.0810,06005.3868,20:07:44
3443.1310,06009.0558,3439.0786,06005.3874,20:08:44
3443.1310,06009.0558,3439.0786,06005.3874,20:09:44
3443.1310,06009.0558,3439.0786,06005.3874,20:10:44
3443.1310,06009.0558,3439.0786,06005.3874,20:12:44
3443.1310,06009.0558,3439.0786,06005.3874,20:13:44
3443.1310,06009.0558,3439.0786,06005.3874,20:14:44
3443.1310,06009.0558,3439.0786,06005.3874,20:15:44
3443.1310,06009.0558,3439.0786,06005.3874,20:16:44
3443.1310,06009.0558,3439.0786,06005.3874,20:17:44
3443.1310,06009.0558,3439.0786,06005.3874,20:18:44
3443.1310,06009.0558,3439.0786,06005.3874,20:19:44
3443.1310,06009.0558,3439.0786,06005.3874,20:20:44
3443.1310,06009.0558,3439.0786,06005.3874,20:20:44
3443.1310,06009.0558,3439.0786,06005.3874,20:21:44
3443.1310,06009.0558,3439.0786,06005.3874,20:22:44
3443.1310,06009.0558,3439.0786,06005.3874,20:22:44
3443.1310,06009.0558,3439.0786,06005.3874,20:22:44
3443.1310,06009.0558,3439.0786,06005.3874,20:22:44
3443.1310,06009.0558,3439.0786,06005.3874,20:22:44
3443.1310,06009.0558,3439.0786,06005.3874,20:22:44
3443.1310,06009.0558,3439.0786,06005.3874,20:22:44
3443.1310,06009.0558,3439.0786,06005.3874,20:22:44
3443.1310,06009.0558,3439.0786,06005.3874,20:22:44
3443.1310,06009.0558,3439.0786,06005.3874,20:22:44
3443.1310,06009.0558,3439.0786,06005.3874,20:22:44
3443.1310,06009.0558,3439.0786,06005.3874,20:22:44
3443.1310,06009.0558,3439.0786,06005.3874,20:22:44
3443.1310,06009.0558,3439.0786,06005.3874,20:22:44
3443.1310,06009.0558,3439.0786,06005.3874,20:23:44
3443.1310,06009.0558,3439.0786,06005.3874,20:23:44
3443.1310,06009.0558,3439.0786,06005.3874,20:24:44
3443.1310,06009.0558,3439.0786,06005.3874,20:25:44
3443.1310,06009.0558,3439.0786,06005.3874,20:26:44
3443.1310,06009.0558,3439.0786,06005.3874,20:27:44
3443.1310,06009.0558,3439.0786,06005.3874,20:28:44
3443.1310,06009.0558,3439.0786,06005.3874,20:29:44
3443.1310,06009.0558,3439.0786,06005.3874,20:30:44
3443.1310,06009.0558,3439.0786,06005.3874,20:31:44
3443.1310,06009.0558,3439.0786,06005.3874,20:32:44
3443.1310,06009.0558,3439.0786,06005.3874,20:33:44
3443.1310,06009.0558,3439.0786,06005.3874,20:34:44
3443.1310,06009.0558,3439.0786,06005.3874,20:36:44
3443.1310,06009.0558,3439.0786,06005.3874,20:37:44
3443.1310,06009.0558,3439.0786,06005.3874,20:38:44
3443.1310,06009.0558,3439.0786,06005.3874,20:39:44
3443.1310,06009.0558,3439.0786,06005.3874,20:40:44
3443.1310,06009.0558,3439.0786,06005.3874,20:41:44
3443.1310,06009.0558,3439.0786,06005.3874,20:42:44
3443.1310,06009.0558,3439.0786,06005.3874,20:43:44
3443.1310,06009.0558,3439.0786,06005.3874,20:44:44
3443.1310,06009.0558,3439.0786,06005.3874,20:45:44
3443.1310,06009.0558,3439.0786,06005.3874,20:46:44
3443.1310,06009.0558,3439.0786,06005.3874,20:47:44
3443.1310,06009.0558,3439.0786,06005.3874,20:48:44
3443.1310,06009.0558,3439.0786,06005.3874,20:49:44
3443.1310,06009.0558,3439.0786,06005.3874,20:50:44
3443.1310,06009.0558,3439.0786,06005.3874,20:51:44
3443.1310,06009.0558,3439.0786,06005.3874,20:52:44
3443.1310,06009.0558,3439.0786,06005.3874,20:53:44
3443.1310,06009.0558,3439.0786,06005.3874,20:54:44
3443.1310,06009.0558,3439.0786,06005.3874,20:55:44
3443.1310,06009.0558,3439.0786,06005.3874,20:56:44
3443.1310,06009.0558,3439.0786,06005.3874,20:57:44
3443.1310,06009.0558,3439.0786,06005.3874,20:58:44
3443.1310,06009.0558,3439.0786,06005.3874,20:58:44
3443.1310,06009.0558,3439.0786,06005.3874,20:59:44
